BOX (0,0);-83.6,-85.85,-85.95,-85.45,-87.89,-89.61;4.62,4.09,4.6,4.66,4.44,4.35
BOX (1,0);-83.34,-84.13,-86.17,-87.41,-88.12,-88.41;4.84,5.18,4.92,4.96,4.81,4.69
BOX (2,0);null,-86.97,-84.16,-86.58,-88.55,-85.26;null,3.96,5.67,5.4,5.12,4.89
BOX (3,0);-85.10,-88.26,-81.51,-87.6,-86.67,-83.96;5.03,4.82,5.14,4.94,4.82,4.71
BOX (4,0);null,-91.23,-81.50,-90.45,-89.74,-84.3;null,4.21,5.18,5.00,4.95,4.85
BOX (0,1);-82.6,-83.77,-86.44,-82.67, -87.6,-88.9;4.32,4.54,4.48,4.99,4.96,4.91
BOX (1,1);-82.64,-86.49,-86.95,-80.77,-88.74,-87.57;4.76,5.00,4.76,4.79,4.6,4.56
BOX (2,1);-81.57,-86.05,-84.58,-80.85,-85.47,-86.53;3.78,4.3,4.78,4.62,4.5,4.8
BOX (3,1);null,-88.53,-84.90,-83.93,-87.71,-82.29;null,4.36,4.32,4.29,4.35,4.59
BOX (4,1);null,-89.96,-81.35,-87.53,-90.51,-80.5;null,3.54,4.7,4.94,4.79,4.55
BOX (0,2);-81.55,-81.37,-85.36,-81.21,-89.75,-88.66;5.22,5.07,5.02,4.86,4.83,4.8
BOX (1,2);-82.79,-84.44,-87.29,-86.82,-86.74,-86.97;4.76,4.67,4.84,5.00,5.02,4.96
BOX (2,2);-81.53,-86.26,-82.65,83.03,-89.44,-85.53;4.51,4.21,4.55,4.77,4.59,4.7
BOX (3,2);-81.88,-88.47,-84.01,-85.25,-86.96,-81.98;4.86,4.82,4.85,4.79,4.82,4.76
BOX (4,2);-84.00,-88.92,-75.77,-83.43,-86.47,-83.12;4.88,4.69,4.62,4.78,4.89,4.98
BOX (0,3);-73.57,-76.9,-87.62,-83.54,-90.53,-89.14;3.85,4.35,4.53,4.42,4.42,4.38
BOX (1,3);-78.52,-84.47,-86.12,-83.92,-87.98,-86.02;4.93,4.9,5.37,5.18,4.96,4.95
BOX (2,3);-80.13,-86.89,-85.82,-86.64,-86.18,-85.91;4.32,4.54,4.48,4.99,4.96,4.91
BOX (3,3);null,-88.31,-84.19,-85.73,-83.4,-83.28;null,4.29,4.2,4.45,4.45,4.59
BOX (4,3);null,null,-79.08,-88.36,-82.80,-85.69;null,null,3.33,4.23,4.44,4.69
BOX (0,4);-75.15,-81.81,-85.95,-86.88,-88.19,-89.69;6.93,5.8,5.62,5.52,5.34,5.11
BOX (1,4);-75.00,-82.05,-87.54,-85.51,-85.85,-87.97;4.3,4.19,4.24,4.45,4.57,4.58
BOX (2,4);-80.78,-87.01,-83.99,-88.99,-84.71,-86.21;6.02,5.22,4.96,4.83,4.82,4.82
BOX (3,4);-83.00,-79.00,-78.4,-84.2,-90.00,-79.60;4.32,4.54,4.48,4.99,4.96,4.91
BOX (4,4);-83.73,-87.86,-83.26,-84.95,-86.18,-79.77;4.32,4.54,4.48,4.99,4.96,4.91